
0 0
28 36 4 3

Coordinates
1         -2.5         4.33
2      -3.3333       2.8867
3     -0.83333         4.33
4       -2.017       1.4717
5      -4.1667       1.4433
6      0.83333         4.33
7      0.09141       1.7359
8           -5            0
9          2.5         4.33
10       -3.027       -0.698
11       2.1168       1.5782
12     -0.83333     -0.86792
13       1.1685     -0.28773
14      -4.1667      -1.4433
15       3.3333       2.8867
16      -1.6667      -2.5991
17      -3.3333      -2.8867
18       4.1667       1.4433
19   8.8818e-16      -2.5991
20       3.1075     -0.63913
21       1.8238      -2.5121
22         -2.5        -4.33
23            5            0
24     -0.83333        -4.33
25       4.1667      -1.4433
26      0.83333        -4.33
27       3.3333      -2.8867
28          2.5        -4.33
EndCoordinates

Elements
1 23 18 20
2 5 8 10
3 27 25 20
4 6 3 7
5 22 24 16
6 15 6 11
7 1 2 3
8 14 17 10
9 26 28 21
10 18 15 11
11 8 14 10
12 25 23 20
13 3 4 7
14 24 26 19
15 9 6 15
16 2 5 4
17 17 22 16
18 28 27 21
19 17 16 10
20 21 27 20
21 20 18 11
22 20 11 13
23 19 26 21
24 19 21 13
25 16 24 19
26 16 19 12
27 11 6 7
28 4 5 10
29 4 10 12
30 2 4 3
31 13 11 7
32 20 13 21
33 12 19 13
34 16 12 10
35 12 7 4
36 13 7 12
EndElements

Dirichlet
23
25
27
28
EndDirichlet

Neumann
22
24
26
EndNeumann
